1000
1 1188 2155
2 5915 133
3 8782 6054
4 8829 9213
5 9175 4894
6 5975 7289
7 6394 4968
8 9173 2603
9 8389 2817
10 7220 6580
11 4425 1785
12 2396 8751
13 7999 7857
14 39 1439
15 9210 850
16 6383 5251
17 9020 9718
18 7047 5014
19 303 6623
20 8672 673
21 7546 9324
22 3362 3088
23 4744 4918
24 4303 215
25 3616 7410
26 5900 313
27 4719 4385
28 3827 1493
29 5802 6903
30 9955 818
31 3108 1279
32 5853 4429
33 7528 8819
34 2400 9811
35 8694 2093
36 762 5286
37 7483 9264
38 7535 3001
39 6103 6077
40 6206 2114
41 8772 8642
42 5034 9370
43 1716 5980
44 9265 5629
45 9923 4679
46 339 5741
47 2768 3374
48 8167 773
49 4703 9928
50 4425 4004
51 992 9717
52 499 3397
53 7275 6658
54 9511 2125
55 7110 6426
56 618 4370
57 8628 6059
58 9865 1721
59 8712 2579
60 7411 7672
61 6943 395
62 8119 8344
63 190 7771
64 3292 6260
65 2496 6793
66 6428 9639
67 6056 4213
68 9935 3482
69 5405 2854
70 1422 1554
71 5829 1074
72 9070 2509
73 3361 9714
74 9938 3189
75 1401 9973
76 522 5628
77 3010 2483
78 9050 8360
79 5921 4881
80 9039 7700
81 9825 9808
82 2946 3006
83 1739 295
84 1788 2332
85 8689 3979
86 1068 478
87 7860 1992
88 7251 8031
89 3334 9424
90 9149 3769
91 2975 5325
92 3699 6384
93 1468 1571
94 9581 5497
95 1285 8753
96 9823 3553
97 5280 2022
98 4871 7126
99 9248 671
100 905 3918
101 9342 8272
102 43 8593
103 7308 8102
104 6120 4544
105 8202 8395
106 3921 6035
107 4083 135
108 2286 8989
109 5164 5692
110 8186 5514
111 5928 1150
112 6121 1178
113 1759 7321
114 927 1719
115 1839 2865
116 7357 6281
117 3323 7023
118 858 1914
119 2417 6364
120 1535 9853
121 5295 9882
122 2942 90
123 3155 9613
124 8367 2693
125 2348 1551
126 8208 772
127 8827 2185
128 5565 9885
129 2002 9322
130 893 8466
131 9436 1352
132 2764 7323
133 8505 1459
134 1000 97
135 6807 920
136 7389 2355
137 1518 1122
138 2721 534
139 4163 7415
140 5692 2727
141 3268 7064
142 5663 7588
143 4697 1041
144 4929 7593
145 406 5119
146 8815 7352
147 2755 1937
148 2174 2297
149 5406 306
150 3941 6554
151 5790 6506
152 7309 7624
153 7066 2711
154 8682 5059
155 777 2511
156 2578 8648
157 3309 1438
158 8875 4793
159 6261 7321
160 7875 8489
161 7968 7698
162 6480 5852
163 3974 2355
164 7275 489
165 1565 1617
166 9133 8181
167 4843 8766
168 9544 5048
169 8884 2723
170 3092 8116
171 552 6242
172 1046 484
173 7745 5987
174 1576 5233
175 7466 5400
176 632 8983
177 1322 9602
178 4193 7852
179 2883 7567
180 2664 5848
181 2292 8022
182 3353 6202
183 9800 3908
184 8109 3293
185 7681 611
186 7780 6600
187 5330 9489
188 7198 9358
189 4351 1163
190 377 2992
191 4672 7660
192 5526 9813
193 4066 7460
194 256 638
195 5427 7333
196 7668 9209
197 1341 2592
198 52 8237
199 4952 9661
200 2267 9404
201 7742 447
202 9053 3902
203 3659 6681
204 3078 9355
205 7212 4797
206 7118 4151
207 7382 3717
208 687 6255
209 847 4488
210 3291 2777
211 9171 7654
212 5548 6889
213 6356 3445
214 8922 4197
215 8742 3218
216 3820 2593
217 1684 7356
218 1511 9780
219 6357 5738
220 8126 1364
221 3964 4021
222 6531 729
223 2289 4370
224 5091 8223
225 2738 6962
226 4766 5637
227 5352 4491
228 8220 478
229 4471 5694
230 8276 1155
231 9572 8073
232 4402 6176
233 7035 8359
234 7807 9385
235 4324 6170
236 683 1281
237 4181 8638
238 9293 5031
239 6993 1545
240 3338 3068
241 4185 4894
242 8402 898
243 7089 4140
244 2440 5798
245 4007 6983
246 9000 9596
247 3180 5616
248 4774 8411
249 6800 1492
250 7233 6916
251 9104 4263
252 7259 1907
253 8692 482
254 8987 8232
255 8529 8176
256 9777 8645
257 1487 4380
258 2130 8359
259 2018 4887
260 9336 4432
261 5399 6247
262 532 9893
263 7022 4143
264 5738 9576
265 6487 1010
266 9560 9160
267 6876 3363
268 4848 1995
269 7087 1147
270 2525 7129
271 2977 1300
272 2844 7752
273 6901 8196
274 953 3667
275 1749 2992
276 5255 2970
277 4891 7360
278 1789 1152
279 174 7091
280 7618 6822
281 6025 7843
282 3700 4907
283 5524 560
284 7857 1277
285 6825 450
286 8216 6413
287 9230 3177
288 7700 2776
289 279 854
290 1164 6222
291 8349 8024
292 7039 7238
293 7369 5045
294 3034 7647
295 6128 4217
296 4109 6982
297 5468 8334
298 9355 8831
299 25 1
300 1623 1972
301 6488 4500
302 6897 5114
303 9133 7640
304 8092 5136
305 9190 3312
306 9318 5171
307 6549 8304
308 9368 1149
309 4742 5589
310 6465 6754
311 1711 856
312 9971 5762
313 5973 5495
314 9878 9852
315 3967 7740
316 3542 7162
317 5953 5089
318 6363 1892
319 741 8069
320 624 9188
321 9209 1858
322 9593 9082
323 5218 5719
324 7610 5700
325 1601 6800
326 3251 4207
327 4286 1243
328 8567 9916
329 8380 5226
330 6523 9482
331 9035 7558
332 8352 1180
333 2886 9559
334 522 5410
335 6215 1448
336 7140 6243
337 6426 4552
338 3982 4287
339 7332 9571
340 3424 7439
341 1623 1424
342 9613 329
343 1988 6139
344 2438 5498
345 6220 7076
346 895 9045
347 1338 4585
348 2392 1943
349 2508 8881
350 8957 5385
351 5953 6540
352 5744 5309
353 1994 1694
354 268 6086
355 224 6767
356 6662 7214
357 5928 4878
358 3474 4152
359 2920 9685
360 3481 495
361 7155 9994
362 3572 8893
363 3591 8766
364 8205 4660
365 1107 5768
366 5696 1149
367 6461 6841
368 4367 5580
369 9773 9898
370 9035 6157
371 4697 294
372 7906 5483
373 401 2183
374 4572 1910
375 2901 8889
376 5218 6908
377 1764 7674
378 1706 4102
379 487 9446
380 6755 4529
381 9956 4158
382 531 3133
383 8397 343
384 665 2428
385 3799 577
386 2796 4415
387 5970 6238
388 3140 6091
389 5039 6057
390 1841 4100
391 714 8712
392 7514 850
393 2619 2365
394 6945 4461
395 4964 2804
396 718 7273
397 7552 1255
398 7352 894
399 5900 4218
400 7681 6519
401 5929 9719
402 5853 1712
403 7958 416
404 5486 1955
405 5314 1846
406 903 2940
407 8955 7771
408 527 3191
409 3968 1649
410 8533 8340
411 842 7334
412 5953 9522
413 4387 2220
414 9728 1709
415 4715 8604
416 8569 682
417 4704 3637
418 7154 7326
419 5660 2153
420 7873 3203
421 748 4802
422 2994 2411
423 3880 7703
424 5240 9136
425 7606 736
426 3503 3918
427 533 5650
428 5619 436
429 431 2910
430 1794 7727
431 5653 1943
432 4170 1193
433 3569 1225
434 9865 3486
435 1468 4484
436 9091 1550
437 7811 273
438 801 936
439 7650 5709
440 4587 1347
441 1487 6069
442 3008 4523
443 4256 2787
444 8420 3917
445 8012 4256
446 4873 8754
447 386 4567
448 5295 3854
449 2222 4304
450 960 2253
451 3172 6057
452 2937 93
453 9346 9827
454 8063 5425
455 6436 9141
456 9954 874
457 5641 3381
458 5622 4513
459 442 8820
460 6068 6516
461 8435 8382
462 7271 4690
463 2290 7315
464 8757 528
465 4284 3192
466 6373 2746
467 1523 928
468 4002 8624
469 5528 6465
470 1925 8701
471 6359 6908
472 591 9232
473 6409 6962
474 7545 6851
475 3905 3641
476 540 8090
477 445 4930
478 4446 1187
479 482 2190
480 3443 6426
481 4181 8210
482 5099 7067
483 1405 2069
484 2623 8452
485 8337 9024
486 6551 1148
487 6349 5123
488 4401 4956
489 1862 3035
490 7480 1649
491 6228 2516
492 5593 889
493 4789 1128
494 7509 5442
495 5839 1229
496 9482 128
497 1412 2429
498 7133 1892
499 7061 985
500 6775 964
501 9363 8801
502 542 3419
503 5603 6409
504 4144 9396
505 5625 2484
506 6488 2807
507 5031 8869
508 3074 7457
509 7358 4333
510 1076 6580
511 8718 9700
512 936 9318
513 6330 1776
514 7576 5544
515 7661 9647
516 9441 4770
517 7341 6645
518 5492 6789
519 4945 9116
520 3038 6591
521 4279 2800
522 4876 3543
523 9958 7753
524 6719 6280
525 5658 7347
526 5209 2731
527 2196 3816
528 1349 6282
529 1597 9659
530 2686 3671
531 4232 412
532 6473 2392
533 3214 1254
534 5644 2478
535 7061 7725
536 8119 142
537 1476 8154
538 7019 5084
539 679 2878
540 2999 5980
541 951 1767
542 7314 3210
543 3992 795
544 1876 9129
545 1520 9209
546 7486 7802
547 7564 9050
548 1822 6751
549 5312 5098
550 505 9944
551 630 3930
552 1356 8288
553 4265 6596
554 1419 1988
555 4806 1945
556 4027 2759
557 3915 4700
558 758 183
559 6182 2794
560 5120 7709
561 4406 250
562 9607 9100
563 2194 9974
564 4938 8403
565 4775 4405
566 7822 7696
567 2632 5898
568 2623 5228
569 6283 6149
570 7507 6224
571 9701 3670
572 8206 6571
573 8457 2175
574 1570 1194
575 5887 5664
576 7947 7010
577 1852 3097
578 1463 2887
579 1551 1220
580 6840 3299
581 6852 1215
582 7340 235
583 6754 5540
584 532 158
585 8823 8323
586 2341 583
587 7954 6452
588 6283 6557
589 8238 9972
590 5681 6523
591 4016 2165
592 9713 6881
593 9090 8144
594 4564 6913
595 6784 29
596 9710 6962
597 5731 1878
598 1109 7774
599 7151 6282
600 6280 5923
601 111 2007
602 7879 839
603 7646 4038
604 7245 9632
605 3992 9187
606 1127 8537
607 8532 8261
608 219 6390
609 8800 1643
610 5791 2124
611 4257 8407
612 2012 1198
613 2312 3835
614 7161 8481
615 7856 4585
616 1823 8994
617 969 3548
618 4151 6713
619 3663 13
620 5105 787
621 5577 5577
622 9200 7866
623 3137 287
624 5958 3701
625 8100 5414
626 940 1690
627 4554 567
628 2017 4303
629 3051 3781
630 521 6226
631 3858 3722
632 1045 1098
633 8954 1726
634 3288 2361
635 8176 2774
636 4398 9973
637 5280 1876
638 5886 3690
639 6669 8009
640 6952 9821
641 9077 8143
642 3016 2438
643 6445 4138
644 4730 4508
645 8792 6588
646 8426 3099
647 4341 7714
648 8973 9159
649 4624 5541
650 8758 3171
651 8134 4019
652 5101 5658
653 1005 626
654 4686 8611
655 499 7710
656 8631 9964
657 8354 1137
658 2669 4065
659 3143 7636
660 5256 7092
661 2104 8932
662 4059 7592
663 1675 6883
664 4797 9957
665 1985 3887
666 9143 9447
667 9 6437
668 8336 3298
669 4394 1693
670 1726 5024
671 7854 9040
672 5509 2137
673 637 1341
674 343 972
675 5535 676
676 2050 6957
677 4337 6545
678 5258 9033
679 3886 5809
680 8206 8192
681 9673 9810
682 591 4885
683 4052 7042
684 9516 8476
685 5232 1233
686 3189 5564
687 9691 4338
688 3174 6647
689 3012 7475
690 800 768
691 6085 5130
692 8351 459
693 8973 1786
694 5664 4774
695 7609 6307
696 3732 6885
697 3309 8043
698 5362 8675
699 501 3488
700 1197 2935
701 9085 8120
702 7722 9834
703 6827 3395
704 5725 4710
705 3965 2727
706 5370 6253
707 7793 5139
708 1264 4882
709 616 27
710 1049 1428
711 4912 4897
712 8374 3246
713 9127 3721
714 8592 3047
715 1877 6602
716 6029 9439
717 4211 8779
718 2263 7173
719 89 8896
720 1473 1728
721 5519 1979
722 9319 3850
723 8294 1623
724 9879 3591
725 6252 997
726 8296 7500
727 5017 2266
728 785 1398
729 6361 3426
730 6743 5780
731 2877 6590
732 4501 7936
733 2408 3490
734 5203 2729
735 1294 9213
736 2952 5647
737 6091 6871
738 4741 778
739 2832 4227
740 9286 9612
741 790 482
742 8464 5814
743 612 9802
744 8113 379
745 2411 7554
746 106 3587
747 3046 2023
748 4110 2014
749 7746 6597
750 8684 8062
751 5880 5981
752 8905 476
753 8078 6555
754 6567 5317
755 1561 3142
756 45 5964
757 5194 5408
758 5909 4618
759 588 5671
760 6724 2691
761 709 6277
762 9868 5423
763 1045 5883
764 7818 5739
765 7888 3383
766 9963 4613
767 2309 648
768 2917 4610
769 5756 6966
770 1529 8345
771 558 6198
772 2603 2252
773 7844 5357
774 9996 5395
775 7321 2226
776 6276 246
777 2165 6864
778 3768 1874
779 6100 710
780 5362 3663
781 8486 5833
782 3557 8696
783 3109 1417
784 8517 7325
785 8933 8913
786 5783 9586
787 7115 2871
788 3555 277
789 843 6531
790 2218 1640
791 524 9497
792 6822 6797
793 4563 7604
794 1743 7585
795 6596 474
796 2365 9154
797 3310 5870
798 4735 2285
799 6782 4452
800 3336 8709
801 7180 809
802 7418 7796
803 4889 672
804 28 56
805 859 5209
806 7345 1141
807 9932 3631
808 3416 1156
809 1601 2009
810 4880 2004
811 5489 5743
812 3015 9310
813 505 3169
814 5206 5130
815 7728 8381
816 8744 8940
817 9946 2877
818 3264 7834
819 6133 9980
820 7951 7874
821 370 9752
822 7058 5169
823 3734 6894
824 961 7702
825 463 4861
826 40 7042
827 7829 3257
828 5449 1638
829 4701 8536
830 1612 324
831 8868 1127
832 6701 16
833 8428 9883
834 9254 6343
835 9015 6018
836 9360 1134
837 6870 7954
838 8621 9257
839 600 5187
840 9293 4055
841 5221 1137
842 7005 4778
843 132 8306
844 2331 7668
845 2681 3941
846 8098 2882
847 3600 3989
848 4287 4898
849 4588 3271
850 2311 8570
851 4989 7027
852 9405 5831
853 7920 3626
854 2407 6679
855 275 6082
856 3408 7817
857 9881 4638
858 1596 6088
859 3233 7789
860 6153 2868
861 4039 4072
862 5873 739
863 7379 3666
864 3775 7104
865 7172 4644
866 2786 3764
867 7182 1882
868 6277 1195
869 4472 4075
870 6474 327
871 7442 9249
872 3814 2485
873 8116 4097
874 5067 5822
875 2496 130
876 9732 2573
877 1019 9166
878 7719 2139
879 396 7647
880 8192 1246
881 4650 2432
882 1230 861
883 4248 7373
884 7956 103
885 2021 4131
886 3693 2382
887 7951 7753
888 2984 4102
889 4106 9922
890 5794 8925
891 4985 7990
892 456 4474
893 3581 8399
894 5271 2192
895 1839 6140
896 770 701
897 8300 4990
898 5257 2239
899 9789 5327
900 1589 1555
901 8628 7797
902 1026 3241
903 2480 1139
904 1441 9802
905 2249 1296
906 151 4108
907 7311 6347
908 288 3225
909 6583 2610
910 9173 9992
911 6931 880
912 3859 4274
913 4265 3405
914 6167 2205
915 2874 6857
916 9947 3874
917 8217 4607
918 1327 8237
919 2118 5967
920 8675 4754
921 2194 7926
922 4406 1570
923 4337 9244
924 8754 7335
925 2473 4686
926 3827 5149
927 6171 7280
928 6062 6289
929 6170 2962
930 7315 606
931 1743 5273
932 7111 8304
933 432 3743
934 3318 568
935 7595 767
936 518 824
937 88 2386
938 3946 5751
939 2888 4755
940 9554 5083
941 4402 5587
942 1473 2596
943 6816 8383
944 2542 1625
945 2258 6529
946 1425 8490
947 7093 608
948 6970 2858
949 4653 1637
950 4666 7569
951 1234 4524
952 8568 9584
953 45 96
954 9994 6383
955 7180 2730
956 4125 8457
957 1669 4500
958 7047 1596
959 9984 7138
960 9235 3728
961 9328 9749
962 4964 9225
963 8334 9645
964 6894 2007
965 3783 511
966 1037 8837
967 2263 1295
968 4522 7222
969 2477 6791
970 7608 5267
971 2300 1363
972 7129 7488
973 2967 8949
974 9856 7150
975 5447 2967
976 7404 7990
977 805 9693
978 7217 4014
979 4620 3143
980 5339 4477
981 7307 9276
982 5666 4878
983 6152 2800
984 8154 3744
985 5364 3974
986 5071 203
987 3091 7923
988 3939 2370
989 7296 4967
990 9066 1411
991 7296 9082
992 155 9210
993 9046 9267
994 8258 7318
995 356 5425
996 1180 9671
997 1379 7006
998 1000 9970
999 3712 5923
1000 9925 2974
0
