100
1 228 38
2 966 326
3 699 108
4 398 566
5 295 910
6 139 744
7 120 282
8 490 322
9 959 957
10 299 115
11 145 985
12 300 558
13 150 795
14 435 463
15 166 727
16 134 35
17 410 244
18 833 60
19 70 775
20 804 948
21 602 196
22 365 606
23 976 364
24 894 617
25 97 689
26 526 959
27 470 940
28 14 320
29 127 441
30 237 654
31 48 28
32 318 840
33 48 932
34 671 31
35 959 25
36 160 810
37 205 925
38 591 57
39 448 929
40 664 973
41 995 398
42 598 52
43 28 624
44 563 348
45 493 224
46 469 468
47 774 327
48 399 366
49 570 717
50 231 562
51 843 802
52 205 647
53 837 453
54 541 617
55 87 34
56 997 208
57 295 132
58 791 930
59 484 811
60 991 509
61 908 927
62 669 711
63 879 810
64 312 71
65 13 420
66 521 531
67 410 567
68 632 608
69 523 833
70 51 469
71 769 138
72 955 275
73 661 741
74 848 216
75 167 933
76 701 603
77 570 883
78 971 497
79 616 586
80 485 323
81 735 449
82 840 807
83 14 245
84 939 173
85 203 629
86 331 790
87 468 632
88 852 920
89 262 998
90 781 587
91 213 883
92 443 355
93 494 315
94 167 997
95 617 858
96 339 168
97 1 301
98 456 384
99 98 170
100 744 653
0
